(kicad_pcb (version 20171130) (host pcbnew "(5.1.2-1)-1")

  (general
    (thickness 1.6)
    (drawings 7)
    (tracks 3685)
    (zones 0)
    (modules 98)
    (nets 211)
  )

  (page A4)
  (layers
    (0 F.Cu signal)
    (1 Inner2.Cu signal)
    (2 Inner1.Cu signal)
    (31 B.Cu power)
    (32 B.Adhes user)
    (33 F.Adhes user)
    (34 B.Paste user)
    (35 F.Paste user)
    (36 B.SilkS user)
    (37 F.SilkS user)
    (38 B.Mask user)
    (39 F.Mask user)
    (40 Dwgs.User user)
    (41 Cmts.User user)
    (42 Eco1.User user)
    (43 Eco2.User user)
    (44 Edge.Cuts user)
  )

  (setup
    (last_trace_width 0.127)
    (user_trace_width 0.2)
    (user_trace_width 0.3)
    (trace_clearance 0.127)
    (zone_clearance 0.16)
    (zone_45_only no)
    (trace_min 0.127)
    (via_size 0.4572)
    (via_drill 0.254)
    (via_min_size 0.4572)
    (via_min_drill 0.254)
    (uvia_size 1.27)
    (uvia_drill 1.016)
    (uvias_allowed no)
    (uvia_min_size 0.508)
    (uvia_min_drill 0.127)
    (edge_width 0.15)
    (segment_width 0.2)
    (pcb_text_width 0.3)
    (pcb_text_size 1 1)
    (mod_edge_width 0.15)
    (mod_text_size 1 1)
    (mod_text_width 0.15)
    (pad_size 3 3)
    (pad_drill 2.3)
    (pad_to_mask_clearance 0)
    (aux_axis_origin 0 0)
    (visible_elements FFFFFF7F)
    (pcbplotparams
      (layerselection 0x00030_ffffffff)
      (usegerberextensions true)
      (usegerberattributes false)
      (usegerberadvancedattributes false)
      (creategerberjobfile false)
      (excludeedgelayer true)
      (linewidth 0.150000)
      (plotframeref false)
      (viasonmask false)
      (mode 1)
      (useauxorigin false)
      (hpglpennumber 1)
      (hpglpenspeed 20)
      (hpglpendiameter 15.000000)
      (psnegative false)
      (psa4output false)
      (plotreference true)
      (plotvalue false)
      (plotinvisibletext false)
      (padsonsilk false)
      (subtractmaskfromsilk false)
      (outputformat 1)
      (mirror false)
      (drillshape 0)
      (scaleselection 1)
      (outputdirectory "gerber/"))
  )

  (net 0 "")
  (net 1 +1.8V)
  (net 2 /A0/NBS0)
  (net 3 /A1/NBS2)
  (net 4 /A10)
  (net 5 /A11)
  (net 6 /A12)
  (net 7 /A13)
  (net 8 /A14)
  (net 9 /A15)
  (net 10 /A16/BA0)
  (net 11 /A17/BA1)
  (net 12 /A18/BA2)
  (net 13 /A19)
  (net 14 /A2)
  (net 15 /A3)
  (net 16 /A4)
  (net 17 /A5)
  (net 18 /A6)
  (net 19 /A7)
  (net 20 /A8)
  (net 21 /A9)
  (net 22 /CAS)
  (net 23 /D0)
  (net 24 /D1)
  (net 25 /D10)
  (net 26 /D11)
  (net 27 /D12)
  (net 28 /D13)
  (net 29 /D14)
  (net 30 /D15)
  (net 31 /D16)
  (net 32 /D17)
  (net 33 /D18)
  (net 34 /D19)
  (net 35 /D2)
  (net 36 /D20)
  (net 37 /D21)
  (net 38 /D22)
  (net 39 /D23)
  (net 40 /D3)
  (net 41 /D4)
  (net 42 /D5)
  (net 43 /D6)
  (net 44 /D7)
  (net 45 /D8)
  (net 46 /D9)
  (net 47 /DQM0)
  (net 48 /DQM1)
  (net 49 /DQS0)
  (net 50 /DQS1)
  (net 51 /DRXD)
  (net 52 /DTXD)
  (net 53 /MISO0)
  (net 54 /MOSI0)
  (net 55 /NANDALE)
  (net 56 /NANDCLE)
  (net 57 /NANDCS)
  (net 58 /NANDOE)
  (net 59 /NANDWE)
  (net 60 /NCS1)
  (net 61 /NPCS0)
  (net 62 /NRD)
  (net 63 /NWAIT)
  (net 64 /NWR0)
  (net 65 /NWR1)
  (net 66 /NWR3)
  (net 67 /RAS)
  (net 68 /SCK0)
  (net 69 /SDA10)
  (net 70 /SDCK)
  (net 71 /SDCKE)
  (net 72 /SDCKN)
  (net 73 /SDWE)
  (net 74 /VDD_OSC)
  (net 75 /VDD_PLL)
  (net 76 1V)
  (net 77 3V3)
  (net 78 5V)
  (net 79 GND)
  (net 80 N-000001)
  (net 81 N-0000010)
  (net 82 N-00000100)
  (net 83 N-00000101)
  (net 84 N-00000102)
  (net 85 N-00000103)
  (net 86 N-00000104)
  (net 87 N-00000105)
  (net 88 N-00000106)
  (net 89 N-00000107)
  (net 90 N-00000108)
  (net 91 N-00000109)
  (net 92 N-00000110)
  (net 93 N-00000111)
  (net 94 N-00000112)
  (net 95 N-00000113)
  (net 96 N-00000114)
  (net 97 N-00000115)
  (net 98 N-00000116)
  (net 99 N-00000117)
  (net 100 N-00000118)
  (net 101 N-00000119)
  (net 102 N-00000120)
  (net 103 N-00000121)
  (net 104 N-00000122)
  (net 105 N-00000123)
  (net 106 N-00000124)
  (net 107 N-00000125)
  (net 108 N-00000126)
  (net 109 N-00000127)
  (net 110 N-00000128)
  (net 111 N-00000129)
  (net 112 N-00000130)
  (net 113 N-00000131)
  (net 114 N-00000132)
  (net 115 N-00000133)
  (net 116 N-00000134)
  (net 117 N-00000135)
  (net 118 N-00000136)
  (net 119 N-00000137)
  (net 120 N-00000147)
  (net 121 N-00000149)
  (net 122 N-00000150)
  (net 123 N-00000158)
  (net 124 N-0000016)
  (net 125 N-00000198)
  (net 126 N-00000199)
  (net 127 N-00000217)
  (net 128 N-0000022)
  (net 129 N-0000023)
  (net 130 N-0000024)
  (net 131 N-0000025)
  (net 132 N-0000026)
  (net 133 N-0000027)
  (net 134 N-0000028)
  (net 135 N-0000029)
  (net 136 N-0000032)
  (net 137 N-0000033)
  (net 138 N-0000034)
  (net 139 N-0000035)
  (net 140 N-0000036)
  (net 141 N-0000037)
  (net 142 N-0000038)
  (net 143 N-0000039)
  (net 144 N-0000040)
  (net 145 N-0000041)
  (net 146 N-0000042)
  (net 147 N-0000043)
  (net 148 N-0000044)
  (net 149 N-0000045)
  (net 150 N-0000046)
  (net 151 N-0000047)
  (net 152 N-0000048)
  (net 153 N-0000049)
  (net 154 N-0000050)
  (net 155 N-0000051)
  (net 156 N-0000052)
  (net 157 N-0000053)
  (net 158 N-0000054)
  (net 159 N-0000055)
  (net 160 N-0000056)
  (net 161 N-0000057)
  (net 162 N-0000058)
  (net 163 N-0000059)
  (net 164 N-000006)
  (net 165 N-0000060)
  (net 166 N-0000061)
  (net 167 N-0000062)
  (net 168 N-0000063)
  (net 169 N-0000064)
  (net 170 N-0000065)
  (net 171 N-0000066)
  (net 172 N-0000067)
  (net 173 N-0000068)
  (net 174 N-0000069)
  (net 175 N-0000070)
  (net 176 N-0000071)
  (net 177 N-0000072)
  (net 178 N-0000073)
  (net 179 N-0000074)
  (net 180 N-0000075)
  (net 181 N-0000076)
  (net 182 N-0000077)
  (net 183 N-0000078)
  (net 184 N-0000079)
  (net 185 N-0000080)
  (net 186 N-0000081)
  (net 187 N-0000082)
  (net 188 N-0000083)
  (net 189 N-0000084)
  (net 190 N-0000085)
  (net 191 N-0000086)
  (net 192 N-0000087)
  (net 193 N-0000088)
  (net 194 N-0000089)
  (net 195 N-000009)
  (net 196 N-0000090)
  (net 197 N-0000091)
  (net 198 N-0000092)
  (net 199 N-0000093)
  (net 200 N-0000094)
  (net 201 N-0000095)
  (net 202 N-0000096)
  (net 203 N-0000097)
  (net 204 N-0000098)
  (net 205 N-0000099)
  (net 206 USBDM)
  (net 207 USBDP)
  (net 208 USBHM)
  (net 209 USBHP)
  (net 210 ~RESET)

  (net_class Default "This is the default net class."
    (clearance 0.127)
    (trace_width 0.127)
    (via_dia 0.4572)
    (via_drill 0.254)
    (uvia_dia 1.27)
    (uvia_drill 1.016)
    (add_net +1.8V)
    (add_net /A0/NBS0)
    (add_net /A1/NBS2)
    (add_net /A10)
    (add_net /A11)
    (add_net /A12)
    (add_net /A13)
    (add_net /A14)
    (add_net /A15)
    (add_net /A16/BA0)
    (add_net /A17/BA1)
    (add_net /A18/BA2)
    (add_net /A19)
    (add_net /A2)
    (add_net /A3)
    (add_net /A4)
    (add_net /A5)
    (add_net /A6)
    (add_net /A7)
    (add_net /A8)
    (add_net /A9)
    (add_net /CAS)
    (add_net /D0)
    (add_net /D1)
    (add_net /D10)
    (add_net /D11)
    (add_net /D12)
    (add_net /D13)
    (add_net /D14)
    (add_net /D15)
    (add_net /D16)
    (add_net /D17)
    (add_net /D18)
    (add_net /D19)
    (add_net /D2)
    (add_net /D20)
    (add_net /D21)
    (add_net /D22)
    (add_net /D23)
    (add_net /D3)
    (add_net /D4)
    (add_net /D5)
    (add_net /D6)
    (add_net /D7)
    (add_net /D8)
    (add_net /D9)
    (add_net /DQM0)
    (add_net /DQM1)
    (add_net /DQS0)
    (add_net /DQS1)
    (add_net /DRXD)
    (add_net /DTXD)
    (add_net /MISO0)
    (add_net /MOSI0)
    (add_net /NANDALE)
    (add_net /NANDCLE)
    (add_net /NANDCS)
    (add_net /NANDOE)
    (add_net /NANDWE)
    (add_net /NCS1)
    (add_net /NPCS0)
    (add_net /NRD)
    (add_net /NWAIT)
    (add_net /NWR0)
    (add_net /NWR1)
    (add_net /NWR3)
    (add_net /RAS)
    (add_net /SCK0)
    (add_net /SDA10)
    (add_net /SDCK)
    (add_net /SDCKE)
    (add_net /SDCKN)
    (add_net /SDWE)
    (add_net /VDD_OSC)
    (add_net /VDD_PLL)
    (add_net 1V)
    (add_net 3V3)
    (add_net 5V)
    (add_net GND)
    (add_net N-000001)
    (add_net N-0000010)
    (add_net N-00000100)
    (add_net N-00000101)
    (add_net N-00000102)
    (add_net N-00000103)
    (add_net N-00000104)
    (add_net N-00000105)
    (add_net N-00000106)
    (add_net N-00000107)
    (add_net N-00000108)
    (add_net N-00000109)
    (add_net N-00000110)
    (add_net N-00000111)
    (add_net N-00000112)
    (add_net N-00000113)
    (add_net N-00000114)
    (add_net N-00000115)
    (add_net N-00000116)
    (add_net N-00000117)
    (add_net N-00000118)
    (add_net N-00000119)
    (add_net N-00000120)
    (add_net N-00000121)
    (add_net N-00000122)
    (add_net N-00000123)
    (add_net N-00000124)
    (add_net N-00000125)
    (add_net N-00000126)
    (add_net N-00000127)
    (add_net N-00000128)
    (add_net N-00000129)
    (add_net N-00000130)
    (add_net N-00000131)
    (add_net N-00000132)
    (add_net N-00000133)
    (add_net N-00000134)
    (add_net N-00000135)
    (add_net N-00000136)
    (add_net N-00000137)
    (add_net N-00000147)
    (add_net N-00000149)
    (add_net N-00000150)
    (add_net N-00000158)
    (add_net N-0000016)
    (add_net N-00000198)
    (add_net N-00000199)
    (add_net N-00000217)
    (add_net N-0000022)
    (add_net N-0000023)
    (add_net N-0000024)
    (add_net N-0000025)
    (add_net N-0000026)
    (add_net N-0000027)
    (add_net N-0000028)
    (add_net N-0000029)
    (add_net N-0000032)
    (add_net N-0000033)
    (add_net N-0000034)
    (add_net N-0000035)
    (add_net N-0000036)
    (add_net N-0000037)
    (add_net N-0000038)
    (add_net N-0000039)
    (add_net N-0000040)
    (add_net N-0000041)
    (add_net N-0000042)
    (add_net N-0000043)
    (add_net N-0000044)
    (add_net N-0000045)
    (add_net N-0000046)
    (add_net N-0000047)
    (add_net N-0000048)
    (add_net N-0000049)
    (add_net N-0000050)
    (add_net N-0000051)
    (add_net N-0000052)
    (add_net N-0000053)
    (add_net N-0000054)
    (add_net N-0000055)
    (add_net N-0000056)
    (add_net N-0000057)
    (add_net N-0000058)
    (add_net N-0000059)
    (add_net N-000006)
    (add_net N-0000060)
    (add_net N-0000061)
    (add_net N-0000062)
    (add_net N-0000063)
    (add_net N-0000064)
    (add_net N-0000065)
    (add_net N-0000066)
    (add_net N-0000067)
    (add_net N-0000068)
    (add_net N-0000069)
    (add_net N-0000070)
    (add_net N-0000071)
    (add_net N-0000072)
    (add_net N-0000073)
    (add_net N-0000074)
    (add_net N-0000075)
    (add_net N-0000076)
    (add_net N-0000077)
    (add_net N-0000078)
    (add_net N-0000079)
    (add_net N-0000080)
    (add_net N-0000081)
    (add_net N-0000082)
    (add_net N-0000083)
    (add_net N-0000084)
    (add_net N-0000085)
    (add_net N-0000086)
    (add_net N-0000087)
    (add_net N-0000088)
    (add_net N-0000089)
    (add_net N-000009)
    (add_net N-0000090)
    (add_net N-0000091)
    (add_net N-0000092)
    (add_net N-0000093)
    (add_net N-0000094)
    (add_net N-0000095)
    (add_net N-0000096)
    (add_net N-0000097)
    (add_net N-0000098)
    (add_net N-0000099)
    (add_net USBDM)
    (add_net USBDP)
    (add_net USBHM)
    (add_net USBHP)
    (add_net ~RESET)
  )

  (net_class 50ohm_in_microstrip ""
    (clearance 0.127)
    (trace_width 0.3)
    (via_dia 0.4572)
    (via_drill 0.254)
    (uvia_dia 1.27)
    (uvia_drill 1.016)
  )

  (module SM0402_c (layer B.Cu) (tedit 516FD0AE) (tstamp 52ED6383)
    (at 162.1282 86.0933)
    (path /52FC042B)
    (attr smd)
    (fp_text reference C2 (at 0 0) (layer B.SilkS)
      (effects (font (size 0.35052 0.3048) (thickness 0.07112)) (justify mirror))
    )
    (fp_text value 100n (at 0.09906 0) (layer B.SilkS) hide
      (effects (font (size 0.35052 0.3048) (thickness 0.07112)) (justify mirror))
    )
    (fp_line (start -0.254 0.381) (end -0.762 0.381) (layer B.SilkS) (width 0.07112))
    (fp_line (start -0.762 0.381) (end -0.762 -0.381) (layer B.SilkS) (width 0.07112))
    (fp_line (start -0.762 -0.381) (end -0.254 -0.381) (layer B.SilkS) (width 0.07112))
    (fp_line (start 0.254 0.381) (end 0.762 0.381) (layer B.SilkS) (width 0.07112))
    (fp_line (start 0.762 0.381) (end 0.762 -0.381) (layer B.SilkS) (width 0.07112))
    (fp_line (start 0.762 -0.381) (end 0.254 -0.381) (layer B.SilkS) (width 0.07112))
    (pad 1 smd rect (at -0.44958 0) (size 0.39878 0.59944) (layers B.Cu B.Paste B.Mask)
      (net 77 3V3))
    (pad 2 smd rect (at 0.44958 0) (size 0.39878 0.59944) (layers B.Cu B.Paste B.Mask)
      (net 79 GND))
    (model smd/capacitors/C0402.wrl
      (at (xyz 0 0 0))
      (scale (xyz 0.27 0.27 0.27))
      (rotate (xyz 0 0 0))
    )
  )

  (module SM0402_c (layer B.Cu) (tedit 516FD0AE) (tstamp 52ED639B)
    (at 174.9679 86.5886 90)
    (path /52F2B2DE)
    (attr smd)
    (fp_text reference C4 (at 0 0 90) (layer B.SilkS)
      (effects (font (size 0.35052 0.3048) (thickness 0.07112)) (justify mirror))
    )
    (fp_text value 100n (at 0.09906 0 90) (layer B.SilkS) hide
      (effects (font (size 0.35052 0.3048) (thickness 0.07112)) (justify mirror))
    )
    (fp_line (start -0.254 0.381) (end -0.762 0.381) (layer B.SilkS) (width 0.07112))
    (fp_line (start -0.762 0.381) (end -0.762 -0.381) (layer B.SilkS) (width 0.07112))
    (fp_line (start -0.762 -0.381) (end -0.254 -0.381) (layer B.SilkS) (width 0.07112))
    (fp_line (start 0.254 0.381) (end 0.762 0.381) (layer B.SilkS) (width 0.07112))
    (fp_line (start 0.762 0.381) (end 0.762 -0.381) (layer B.SilkS) (width 0.07112))
    (fp_line (start 0.762 -0.381) (end 0.254 -0.381) (layer B.SilkS) (width 0.07112))
    (pad 1 smd rect (at -0.44958 0 90) (size 0.39878 0.59944) (layers B.Cu B.Paste B.Mask)
      (net 123 N-00000158))
    (pad 2 smd rect (at 0.44958 0 90) (size 0.39878 0.59944) (layers B.Cu B.Paste B.Mask)
      (net 80 N-000001))
    (model smd/capacitors/C0402.wrl
      (at (xyz 0 0 0))
      (scale (xyz 0.27 0.27 0.27))
      (rotate (xyz 0 0 0))
    )
  )

  (module SM0402_c (layer F.Cu) (tedit 516FD0AE) (tstamp 52ED63B3)
    (at 142.9385 89.8906)
    (path /52F839C4)
    (attr smd)
    (fp_text reference C6 (at 0 0) (layer F.SilkS)
      (effects (font (size 0.35052 0.3048) (thickness 0.07112)))
    )
    (fp_text value 100p (at 0.09906 0) (layer F.SilkS) hide
      (effects (font (size 0.35052 0.3048) (thickness 0.07112)))
    )
    (fp_line (start -0.254 -0.381) (end -0.762 -0.381) (layer F.SilkS) (width 0.07112))
    (fp_line (start -0.762 -0.381) (end -0.762 0.381) (layer F.SilkS) (width 0.07112))
    (fp_line (start -0.762 0.381) (end -0.254 0.381) (layer F.SilkS) (width 0.07112))
    (fp_line (start 0.254 -0.381) (end 0.762 -0.381) (layer F.SilkS) (width 0.07112))
    (fp_line (start 0.762 -0.381) (end 0.762 0.381) (layer F.SilkS) (width 0.07112))
    (fp_line (start 0.762 0.381) (end 0.254 0.381) (layer F.SilkS) (width 0.07112))
    (pad 1 smd rect (at -0.44958 0) (size 0.39878 0.59944) (layers F.Cu F.Paste F.Mask)
      (net 77 3V3))
    (pad 2 smd rect (at 0.44958 0) (size 0.39878 0.59944) (layers F.Cu F.Paste F.Mask)
      (net 124 N-0000016))
    (model smd/capacitors/C0402.wrl
      (at (xyz 0 0 0))
      (scale (xyz 0.27 0.27 0.27))
      (rotate (xyz 0 0 0))
    )
  )

  (module SM0402_c (layer B.Cu) (tedit 516FD0AE) (tstamp 52ED63E3)
    (at 169.6593 94.9325 270)
    (path /52F11596)
    (attr smd)
    (fp_text reference C10 (at 0 0 270) (layer B.SilkS)
      (effects (font (size 0.35052 0.3048) (thickness 0.07112)) (justify mirror))
    )
    (fp_text value 100n (at 0.09906 0 270) (layer B.SilkS) hide
      (effects (font (size 0.35052 0.3048) (thickness 0.07112)) (justify mirror))
    )
    (fp_line (start -0.254 0.381) (end -0.762 0.381) (layer B.SilkS) (width 0.07112))
    (fp_line (start -0.762 0.381) (end -0.762 -0.381) (layer B.SilkS) (width 0.07112))
    (fp_line (start -0.762 -0.381) (end -0.254 -0.381) (layer B.SilkS) (width 0.07112))
    (fp_line (start 0.254 0.381) (end 0.762 0.381) (layer B.SilkS) (width 0.07112))
    (fp_line (start 0.762 0.381) (end 0.762 -0.381) (layer B.SilkS) (width 0.07112))
    (fp_line (start 0.762 -0.381) (end 0.254 -0.381) (layer B.SilkS) (width 0.07112))
    (pad 1 smd rect (at -0.44958 0 270) (size 0.39878 0.59944) (layers B.Cu B.Paste B.Mask)
      (net 80 N-000001))
    (pad 2 smd rect (at 0.44958 0 270) (size 0.39878 0.59944) (layers B.Cu B.Paste B.Mask)
      (net 79 GND))
    (model smd/capacitors/C0402.wrl
      (at (xyz 0 0 0))
      (scale (xyz 0.27 0.27 0.27))
      (rotate (xyz 0 0 0))
    )
  )

  (module SM0402_c (layer F.Cu) (tedit 516FD0AE) (tstamp 52ED63FB)
    (at 176.7205 90.2208)
    (path /52F11089)
    (attr smd)
    (fp_text reference C12 (at 0 0) (layer F.SilkS)
      (effects (font (size 0.35052 0.3048) (thickness 0.07112)))
    )
    (fp_text value 100n (at 0.09906 0) (layer F.SilkS) hide
      (effects (font (size 0.35052 0.3048) (thickness 0.07112)))
    )
    (fp_line (start -0.254 -0.381) (end -0.762 -0.381) (layer F.SilkS) (width 0.07112))
    (fp_line (start -0.762 -0.381) (end -0.762 0.381) (layer F.SilkS) (width 0.07112))
    (fp_line (start -0.762 0.381) (end -0.254 0.381) (layer F.SilkS) (width 0.07112))
    (fp_line (start 0.254 -0.381) (end 0.762 -0.381) (layer F.SilkS) (width 0.07112))
    (fp_line (start 0.762 -0.381) (end 0.762 0.381) (layer F.SilkS) (width 0.07112))
    (fp_line (start 0.762 0.381) (end 0.254 0.381) (layer F.SilkS) (width 0.07112))
    (pad 1 smd rect (at -0.44958 0) (size 0.39878 0.59944) (layers F.Cu F.Paste F.Mask)
      (net 1 +1.8V))
    (pad 2 smd rect (at 0.44958 0) (size 0.39878 0.59944) (layers F.Cu F.Paste F.Mask)
      (net 79 GND))
    (model smd/capacitors/C0402.wrl
      (at (xyz 0 0 0))
      (scale (xyz 0.27 0.27 0.27))
      (rotate (xyz 0 0 0))
    )
  )

  (module SM0402_c (layer B.Cu) (tedit 516FD0AE) (tstamp 530894C2)
    (at 168.6306 88.7857 90)
    (path /52F1108F)
    (attr smd)
    (fp_text reference C13 (at 0 0 90) (layer B.SilkS)
      (effects (font (size 0.35052 0.3048) (thickness 0.07112)) (justify mirror))
    )
    (fp_text value 100n (at 0.09906 0 90) (layer B.SilkS) hide
      (effects (font (size 0.35052 0.3048) (thickness 0.07112)) (justify mirror))
    )
    (fp_line (start -0.254 0.381) (end -0.762 0.381) (layer B.SilkS) (width 0.07112))
    (fp_line (start -0.762 0.381) (end -0.762 -0.381) (layer B.SilkS) (width 0.07112))
    (fp_line (start -0.762 -0.381) (end -0.254 -0.381) (layer B.SilkS) (width 0.07112))
    (fp_line (start 0.254 0.381) (end 0.762 0.381) (layer B.SilkS) (width 0.07112))
    (fp_line (start 0.762 0.381) (end 0.762 -0.381) (layer B.SilkS) (width 0.07112))
    (fp_line (start 0.762 -0.381) (end 0.254 -0.381) (layer B.SilkS) (width 0.07112))
    (pad 1 smd rect (at -0.44958 0 90) (size 0.39878 0.59944) (layers B.Cu B.Paste B.Mask)
      (net 1 +1.8V))
    (pad 2 smd rect (at 0.44958 0 90) (size 0.39878 0.59944) (layers B.Cu B.Paste B.Mask)
      (net 79 GND))
    (model smd/capacitors/C0402.wrl
      (at (xyz 0 0 0))
      (scale (xyz 0.27 0.27 0.27))
      (rotate (xyz 0 0 0))
    )
  )

  (module SM0402_c (layer B.Cu) (tedit 516FD0AE) (tstamp 52F7C61C)
    (at 171.7929 90.4748 270)
    (path /52F11095)
    (attr smd)
    (fp_text reference C14 (at 0 0 270) (layer B.SilkS)
      (effects (font (size 0.35052 0.3048) (thickness 0.07112)) (justify mirror))
    )
    (fp_text value 100n (at 0.09906 0 270) (layer B.SilkS) hide
      (effects (font (size 0.35052 0.3048) (thickness 0.07112)) (justify mirror))
    )
    (fp_line (start -0.254 0.381) (end -0.762 0.381) (layer B.SilkS) (width 0.07112))
    (fp_line (start -0.762 0.381) (end -0.762 -0.381) (layer B.SilkS) (width 0.07112))
    (fp_line (start -0.762 -0.381) (end -0.254 -0.381) (layer B.SilkS) (width 0.07112))
    (fp_line (start 0.254 0.381) (end 0.762 0.381) (layer B.SilkS) (width 0.07112))
    (fp_line (start 0.762 0.381) (end 0.762 -0.381) (layer B.SilkS) (width 0.07112))
    (fp_line (start 0.762 -0.381) (end 0.254 -0.381) (layer B.SilkS) (width 0.07112))
    (pad 1 smd rect (at -0.44958 0 270) (size 0.39878 0.59944) (layers B.Cu B.Paste B.Mask)
      (net 1 +1.8V))
    (pad 2 smd rect (at 0.44958 0 270) (size 0.39878 0.59944) (layers B.Cu B.Paste B.Mask)
      (net 79 GND))
    (model smd/capacitors/C0402.wrl
      (at (xyz 0 0 0))
      (scale (xyz 0.27 0.27 0.27))
      (rotate (xyz 0 0 0))
    )
  )

  (module SM0402_c (layer B.Cu) (tedit 516FD0AE) (tstamp 52ED641F)
    (at 173.7614 88.5317)
    (path /52F1109B)
    (attr smd)
    (fp_text reference C15 (at 0 0) (layer B.SilkS)
      (effects (font (size 0.35052 0.3048) (thickness 0.07112)) (justify mirror))
    )
    (fp_text value 100n (at 0.09906 0) (layer B.SilkS) hide
      (effects (font (size 0.35052 0.3048) (thickness 0.07112)) (justify mirror))
    )
    (fp_line (start -0.254 0.381) (end -0.762 0.381) (layer B.SilkS) (width 0.07112))
    (fp_line (start -0.762 0.381) (end -0.762 -0.381) (layer B.SilkS) (width 0.07112))
    (fp_line (start -0.762 -0.381) (end -0.254 -0.381) (layer B.SilkS) (width 0.07112))
    (fp_line (start 0.254 0.381) (end 0.762 0.381) (layer B.SilkS) (width 0.07112))
    (fp_line (start 0.762 0.381) (end 0.762 -0.381) (layer B.SilkS) (width 0.07112))
    (fp_line (start 0.762 -0.381) (end 0.254 -0.381) (layer B.SilkS) (width 0.07112))
    (pad 1 smd rect (at -0.44958 0) (size 0.39878 0.59944) (layers B.Cu B.Paste B.Mask)
      (net 1 +1.8V))
    (pad 2 smd rect (at 0.44958 0) (size 0.39878 0.59944) (layers B.Cu B.Paste B.Mask)
      (net 79 GND))
    (model smd/capacitors/C0402.wrl
      (at (xyz 0 0 0))
      (scale (xyz 0.27 0.27 0.27))
      (rotate (xyz 0 0 0))
    )
  )

  (module SM0402_c (layer B.Cu) (tedit 516FD0AE) (tstamp 52EEA31A)
    (at 173.5709 92.4306)
    (path /52F110A1)
    (attr smd)
    (fp_text reference C16 (at 0 0) (layer B.SilkS)
      (effects (font (size 0.35052 0.3048) (thickness 0.07112)) (justify mirror))
    )
    (fp_text value 100n (at 0.09906 0) (layer B.SilkS) hide
      (effects (font (size 0.35052 0.3048) (thickness 0.07112)) (justify mirror))
    )
    (fp_line (start -0.254 0.381) (end -0.762 0.381) (layer B.SilkS) (width 0.07112))
    (fp_line (start -0.762 0.381) (end -0.762 -0.381) (layer B.SilkS) (width 0.07112))
    (fp_line (start -0.762 -0.381) (end -0.254 -0.381) (layer B.SilkS) (width 0.07112))
    (fp_line (start 0.254 0.381) (end 0.762 0.381) (layer B.SilkS) (width 0.07112))
    (fp_line (start 0.762 0.381) (end 0.762 -0.381) (layer B.SilkS) (width 0.07112))
    (fp_line (start 0.762 -0.381) (end 0.254 -0.381) (layer B.SilkS) (width 0.07112))
    (pad 1 smd rect (at -0.44958 0) (size 0.39878 0.59944) (layers B.Cu B.Paste B.Mask)
      (net 1 +1.8V))
    (pad 2 smd rect (at 0.44958 0) (size 0.39878 0.59944) (layers B.Cu B.Paste B.Mask)
      (net 79 GND))
    (model smd/capacitors/C0402.wrl
      (at (xyz 0 0 0))
      (scale (xyz 0.27 0.27 0.27))
      (rotate (xyz 0 0 0))
    )
  )

  (module SM0402_c (layer B.Cu) (tedit 516FD0AE) (tstamp 52EEA326)
    (at 171.0309 98.9711 180)
    (path /52F110A7)
    (attr smd)
    (fp_text reference C17 (at 0 0 180) (layer B.SilkS)
      (effects (font (size 0.35052 0.3048) (thickness 0.07112)) (justify mirror))
    )
    (fp_text value 100n (at 0.09906 0 180) (layer B.SilkS) hide
      (effects (font (size 0.35052 0.3048) (thickness 0.07112)) (justify mirror))
    )
    (fp_line (start -0.254 0.381) (end -0.762 0.381) (layer B.SilkS) (width 0.07112))
    (fp_line (start -0.762 0.381) (end -0.762 -0.381) (layer B.SilkS) (width 0.07112))
    (fp_line (start -0.762 -0.381) (end -0.254 -0.381) (layer B.SilkS) (width 0.07112))
    (fp_line (start 0.254 0.381) (end 0.762 0.381) (layer B.SilkS) (width 0.07112))
    (fp_line (start 0.762 0.381) (end 0.762 -0.381) (layer B.SilkS) (width 0.07112))
    (fp_line (start 0.762 -0.381) (end 0.254 -0.381) (layer B.SilkS) (width 0.07112))
    (pad 1 smd rect (at -0.44958 0 180) (size 0.39878 0.59944) (layers B.Cu B.Paste B.Mask)
      (net 1 +1.8V))
    (pad 2 smd rect (at 0.44958 0 180) (size 0.39878 0.59944) (layers B.Cu B.Paste B.Mask)
      (net 79 GND))
    (model smd/capacitors/C0402.wrl
      (at (xyz 0 0 0))
      (scale (xyz 0.27 0.27 0.27))
      (rotate (xyz 0 0 0))
    )
  )

  (module SM0402_c (layer F.Cu) (tedit 52F7D97F) (tstamp 52EEA332)
    (at 176.1998 97.3328 270)
    (path /52F110AD)
    (attr smd)
    (fp_text reference C18 (at 0 0 270) (layer F.SilkS)
      (effects (font (size 0.35052 0.3048) (thickness 0.07112)))
    )
    (fp_text value 100n (at 0.09906 0 270) (layer F.SilkS) hide
      (effects (font (size 0.35052 0.3048) (thickness 0.07112)))
    )
    (fp_line (start -0.254 -0.381) (end -0.762 -0.381) (layer F.SilkS) (width 0.07112))
    (fp_line (start -0.762 -0.381) (end -0.762 0.381) (layer F.SilkS) (width 0.07112))
    (fp_line (start -0.762 0.381) (end -0.254 0.381) (layer F.SilkS) (width 0.07112))
    (fp_line (start 0.254 -0.381) (end 0.762 -0.381) (layer F.SilkS) (width 0.07112))
    (fp_line (start 0.762 -0.381) (end 0.762 0.381) (layer F.SilkS) (width 0.07112))
    (fp_line (start 0.762 0.381) (end 0.254 0.381) (layer F.SilkS) (width 0.07112))
    (pad 1 smd rect (at -0.44958 0 270) (size 0.39878 0.59944) (layers F.Cu F.Paste F.Mask)
      (net 1 +1.8V))
    (pad 2 smd rect (at 0.44958 0 270) (size 0.39878 0.59944) (layers F.Cu F.Paste F.Mask)
      (net 79 GND))
    (model smd/capacitors/C0402.wrl
      (at (xyz 0 0 0))
      (scale (xyz 0.27 0.27 0.27))
      (rotate (xyz 0 0 0))
    )
  )

  (module SM0402_c (layer F.Cu) (tedit 516FD0AE) (tstamp 52EEA33E)
    (at 176.7332 88.3285)
    (path /52F110B9)
    (attr smd)
    (fp_text reference C19 (at 0 0) (layer F.SilkS)
      (effects (font (size 0.35052 0.3048) (thickness 0.07112)))
    )
    (fp_text value 100n (at 0.09906 0) (layer F.SilkS) hide
      (effects (font (size 0.35052 0.3048) (thickness 0.07112)))
    )
    (fp_line (start -0.254 -0.381) (end -0.762 -0.381) (layer F.SilkS) (width 0.07112))
    (fp_line (start -0.762 -0.381) (end -0.762 0.381) (layer F.SilkS) (width 0.07112))
    (fp_line (start -0.762 0.381) (end -0.254 0.381) (layer F.SilkS) (width 0.07112))
    (fp_line (start 0.254 -0.381) (end 0.762 -0.381) (layer F.SilkS) (width 0.07112))
    (fp_line (start 0.762 -0.381) (end 0.762 0.381) (layer F.SilkS) (width 0.07112))
    (fp_line (start 0.762 0.381) (end 0.254 0.381) (layer F.SilkS) (width 0.07112))
    (pad 1 smd rect (at -0.44958 0) (size 0.39878 0.59944) (layers F.Cu F.Paste F.Mask)
      (net 1 +1.8V))
    (pad 2 smd rect (at 0.44958 0) (size 0.39878 0.59944) (layers F.Cu F.Paste F.Mask)
      (net 79 GND))
    (model smd/capacitors/C0402.wrl
      (at (xyz 0 0 0))
      (scale (xyz 0.27 0.27 0.27))
      (rotate (xyz 0 0 0))
    )
  )

  (module SM0402_c (layer F.Cu) (tedit 516FD0AE) (tstamp 52EEA34A)
    (at 176.7078 94.5642)
    (path /52F110BF)
    (attr smd)
    (fp_text reference C20 (at 0 0) (layer F.SilkS)
      (effects (font (size 0.35052 0.3048) (thickness 0.07112)))
    )
    (fp_text value 100n (at 0.09906 0) (layer F.SilkS) hide
      (effects (font (size 0.35052 0.3048) (thickness 0.07112)))
    )
    (fp_line (start -0.254 -0.381) (end -0.762 -0.381) (layer F.SilkS) (width 0.07112))
    (fp_line (start -0.762 -0.381) (end -0.762 0.381) (layer F.SilkS) (width 0.07112))
    (fp_line (start -0.762 0.381) (end -0.254 0.381) (layer F.SilkS) (width 0.07112))
    (fp_line (start 0.254 -0.381) (end 0.762 -0.381) (layer F.SilkS) (width 0.07112))
    (fp_line (start 0.762 -0.381) (end 0.762 0.381) (layer F.SilkS) (width 0.07112))
    (fp_line (start 0.762 0.381) (end 0.254 0.381) (layer F.SilkS) (width 0.07112))
    (pad 1 smd rect (at -0.44958 0) (size 0.39878 0.59944) (layers F.Cu F.Paste F.Mask)
      (net 1 +1.8V))
    (pad 2 smd rect (at 0.44958 0) (size 0.39878 0.59944) (layers F.Cu F.Paste F.Mask)
      (net 79 GND))
    (model smd/capacitors/C0402.wrl
      (at (xyz 0 0 0))
      (scale (xyz 0.27 0.27 0.27))
      (rotate (xyz 0 0 0))
    )
  )

  (module SM0402_c (layer F.Cu) (tedit 516FD0AE) (tstamp 52EEA356)
    (at 176.7078 92.329)
    (path /52F110C5)
    (attr smd)
    (fp_text reference C21 (at 0 0) (layer F.SilkS)
      (effects (font (size 0.35052 0.3048) (thickness 0.07112)))
    )
    (fp_text value 100n (at 0.09906 0) (layer F.SilkS) hide
      (effects (font (size 0.35052 0.3048) (thickness 0.07112)))
    )
    (fp_line (start -0.254 -0.381) (end -0.762 -0.381) (layer F.SilkS) (width 0.07112))
    (fp_line (start -0.762 -0.381) (end -0.762 0.381) (layer F.SilkS) (width 0.07112))
    (fp_line (start -0.762 0.381) (end -0.254 0.381) (layer F.SilkS) (width 0.07112))
    (fp_line (start 0.254 -0.381) (end 0.762 -0.381) (layer F.SilkS) (width 0.07112))
    (fp_line (start 0.762 -0.381) (end 0.762 0.381) (layer F.SilkS) (width 0.07112))
    (fp_line (start 0.762 0.381) (end 0.254 0.381) (layer F.SilkS) (width 0.07112))
    (pad 1 smd rect (at -0.44958 0) (size 0.39878 0.59944) (layers F.Cu F.Paste F.Mask)
      (net 1 +1.8V))
    (pad 2 smd rect (at 0.44958 0) (size 0.39878 0.59944) (layers F.Cu F.Paste F.Mask)
      (net 79 GND))
    (model smd/capacitors/C0402.wrl
      (at (xyz 0 0 0))
      (scale (xyz 0.27 0.27 0.27))
      (rotate (xyz 0 0 0))
    )
  )

  (module SM0402_c (layer F.Cu) (tedit 516FD0AE) (tstamp 52EEA37A)
    (at 146.8374 85.5472 270)
    (path /52F5937B)
    (attr smd)
    (fp_text reference C24 (at 0 0 270) (layer F.SilkS)
      (effects (font (size 0.35052 0.3048) (thickness 0.07112)))
    )
    (fp_text value 100n (at 0.09906 0 270) (layer F.SilkS) hide
      (effects (font (size 0.35052 0.3048) (thickness 0.07112)))
    )
    (fp_line (start -0.254 -0.381) (end -0.762 -0.381) (layer F.SilkS) (width 0.07112))
    (fp_line (start -0.762 -0.381) (end -0.762 0.381) (layer F.SilkS) (width 0.07112))
    (fp_line (start -0.762 0.381) (end -0.254 0.381) (layer F.SilkS) (width 0.07112))
    (fp_line (start 0.254 -0.381) (end 0.762 -0.381) (layer F.SilkS) (width 0.07112))
    (fp_line (start 0.762 -0.381) (end 0.762 0.381) (layer F.SilkS) (width 0.07112))
    (fp_line (start 0.762 0.381) (end 0.254 0.381) (layer F.SilkS) (width 0.07112))
    (pad 1 smd rect (at -0.44958 0 270) (size 0.39878 0.59944) (layers F.Cu F.Paste F.Mask)
      (net 77 3V3))
    (pad 2 smd rect (at 0.44958 0 270) (size 0.39878 0.59944) (layers F.Cu F.Paste F.Mask)
      (net 79 GND))
    (model smd/capacitors/C0402.wrl
      (at (xyz 0 0 0))
      (scale (xyz 0.27 0.27 0.27))
      (rotate (xyz 0 0 0))
    )
  )

  (module SM0402_c (layer F.Cu) (tedit 516FD0AE) (tstamp 52EEA386)
    (at 144.9705 103.2764 180)
    (path /52F59381)
    (attr smd)
    (fp_text reference C25 (at 0 0 180) (layer F.SilkS)
      (effects (font (size 0.35052 0.3048) (thickness 0.07112)))
    )
    (fp_text value 100n (at 0.09906 0 180) (layer F.SilkS) hide
      (effects (font (size 0.35052 0.3048) (thickness 0.07112)))
    )
    (fp_line (start -0.254 -0.381) (end -0.762 -0.381) (layer F.SilkS) (width 0.07112))
    (fp_line (start -0.762 -0.381) (end -0.762 0.381) (layer F.SilkS) (width 0.07112))
    (fp_line (start -0.762 0.381) (end -0.254 0.381) (layer F.SilkS) (width 0.07112))
    (fp_line (start 0.254 -0.381) (end 0.762 -0.381) (layer F.SilkS) (width 0.07112))
    (fp_line (start 0.762 -0.381) (end 0.762 0.381) (layer F.SilkS) (width 0.07112))
    (fp_line (start 0.762 0.381) (end 0.254 0.381) (layer F.SilkS) (width 0.07112))
    (pad 1 smd rect (at -0.44958 0 180) (size 0.39878 0.59944) (layers F.Cu F.Paste F.Mask)
      (net 77 3V3))
    (pad 2 smd rect (at 0.44958 0 180) (size 0.39878 0.59944) (layers F.Cu F.Paste F.Mask)
      (net 79 GND))
    (model smd/capacitors/C0402.wrl
      (at (xyz 0 0 0))
      (scale (xyz 0.27 0.27 0.27))
      (rotate (xyz 0 0 0))
    )
  )

  (module SM0402_c (layer F.Cu) (tedit 516FD0AE) (tstamp 52EEA392)
    (at 145.5166 101.3968 180)
    (path /52F59387)
    (attr smd)
    (fp_text reference C26 (at 0 0 180) (layer F.SilkS)
      (effects (font (size 0.35052 0.3048) (thickness 0.07112)))
    )
    (fp_text value 100n (at 0.09906 0 180) (layer F.SilkS) hide
      (effects (font (size 0.35052 0.3048) (thickness 0.07112)))
    )
    (fp_line (start -0.254 -0.381) (end -0.762 -0.381) (layer F.SilkS) (width 0.07112))
    (fp_line (start -0.762 -0.381) (end -0.762 0.381) (layer F.SilkS) (width 0.07112))
    (fp_line (start -0.762 0.381) (end -0.254 0.381) (layer F.SilkS) (width 0.07112))
    (fp_line (start 0.254 -0.381) (end 0.762 -0.381) (layer F.SilkS) (width 0.07112))
    (fp_line (start 0.762 -0.381) (end 0.762 0.381) (layer F.SilkS) (width 0.07112))
    (fp_line (start 0.762 0.381) (end 0.254 0.381) (layer F.SilkS) (width 0.07112))
    (pad 1 smd rect (at -0.44958 0 180) (size 0.39878 0.59944) (layers F.Cu F.Paste F.Mask)
      (net 77 3V3))
    (pad 2 smd rect (at 0.44958 0 180) (size 0.39878 0.59944) (layers F.Cu F.Paste F.Mask)
      (net 79 GND))
    (model smd/capacitors/C0402.wrl
      (at (xyz 0 0 0))
      (scale (xyz 0.27 0.27 0.27))
      (rotate (xyz 0 0 0))
    )
  )

  (module SM0402_c (layer F.Cu) (tedit 516FD0AE) (tstamp 52EEA3AA)
    (at 144.6149 85.8901)
    (path /52F6E7B4)
    (attr smd)
    (fp_text reference C28 (at 0 0) (layer F.SilkS)
      (effects (font (size 0.35052 0.3048) (thickness 0.07112)))
    )
    (fp_text value 100n (at 0.09906 0) (layer F.SilkS) hide
      (effects (font (size 0.35052 0.3048) (thickness 0.07112)))
    )
    (fp_line (start -0.254 -0.381) (end -0.762 -0.381) (layer F.SilkS) (width 0.07112))
    (fp_line (start -0.762 -0.381) (end -0.762 0.381) (layer F.SilkS) (width 0.07112))
    (fp_line (start -0.762 0.381) (end -0.254 0.381) (layer F.SilkS) (width 0.07112))
    (fp_line (start 0.254 -0.381) (end 0.762 -0.381) (layer F.SilkS) (width 0.07112))
    (fp_line (start 0.762 -0.381) (end 0.762 0.381) (layer F.SilkS) (width 0.07112))
    (fp_line (start 0.762 0.381) (end 0.254 0.381) (layer F.SilkS) (width 0.07112))
    (pad 1 smd rect (at -0.44958 0) (size 0.39878 0.59944) (layers F.Cu F.Paste F.Mask)
      (net 77 3V3))
    (pad 2 smd rect (at 0.44958 0) (size 0.39878 0.59944) (layers F.Cu F.Paste F.Mask)
      (net 79 GND))
    (model smd/capacitors/C0402.wrl
      (at (xyz 0 0 0))
      (scale (xyz 0.27 0.27 0.27))
      (rotate (xyz 0 0 0))
    )
  )

  (module SM0402_c (layer F.Cu) (tedit 516FD0AE) (tstamp 52EEA3B6)
    (at 145.5547 92.3417 270)
    (path /52F6DF53)
    (attr smd)
    (fp_text reference C29 (at 0 0 270) (layer F.SilkS)
      (effects (font (size 0.35052 0.3048) (thickness 0.07112)))
    )
    (fp_text value 100n (at 0.09906 0 270) (layer F.SilkS) hide
      (effects (font (size 0.35052 0.3048) (thickness 0.07112)))
    )
    (fp_line (start -0.254 -0.381) (end -0.762 -0.381) (layer F.SilkS) (width 0.07112))
    (fp_line (start -0.762 -0.381) (end -0.762 0.381) (layer F.SilkS) (width 0.07112))
    (fp_line (start -0.762 0.381) (end -0.254 0.381) (layer F.SilkS) (width 0.07112))
    (fp_line (start 0.254 -0.381) (end 0.762 -0.381) (layer F.SilkS) (width 0.07112))
    (fp_line (start 0.762 -0.381) (end 0.762 0.381) (layer F.SilkS) (width 0.07112))
    (fp_line (start 0.762 0.381) (end 0.254 0.381) (layer F.SilkS) (width 0.07112))
    (pad 1 smd rect (at -0.44958 0 270) (size 0.39878 0.59944) (layers F.Cu F.Paste F.Mask)
      (net 210 ~RESET))
    (pad 2 smd rect (at 0.44958 0 270) (size 0.39878 0.59944) (layers F.Cu F.Paste F.Mask)
      (net 79 GND))
    (model smd/capacitors/C0402.wrl
      (at (xyz 0 0 0))
      (scale (xyz 0.27 0.27 0.27))
      (rotate (xyz 0 0 0))
    )
  )

  (module SM0402_c (layer F.Cu) (tedit 516FD0AE) (tstamp 52EEA3C2)
    (at 151.9174 103.7336 90)
    (path /52F22B67)
    (attr smd)
    (fp_text reference C30 (at 0 0 90) (layer F.SilkS)
      (effects (font (size 0.35052 0.3048) (thickness 0.07112)))
    )
    (fp_text value 15p (at 0.09906 0 90) (layer F.SilkS) hide
      (effects (font (size 0.35052 0.3048) (thickness 0.07112)))
    )
    (fp_line (start -0.254 -0.381) (end -0.762 -0.381) (layer F.SilkS) (width 0.07112))
    (fp_line (start -0.762 -0.381) (end -0.762 0.381) (layer F.SilkS) (width 0.07112))
    (fp_line (start -0.762 0.381) (end -0.254 0.381) (layer F.SilkS) (width 0.07112))
    (fp_line (start 0.254 -0.381) (end 0.762 -0.381) (layer F.SilkS) (width 0.07112))
    (fp_line (start 0.762 -0.381) (end 0.762 0.381) (layer F.SilkS) (width 0.07112))
    (fp_line (start 0.762 0.381) (end 0.254 0.381) (layer F.SilkS) (width 0.07112))
    (pad 1 smd rect (at -0.44958 0 90) (size 0.39878 0.59944) (layers F.Cu F.Paste F.Mask)
      (net 79 GND))
    (pad 2 smd rect (at 0.44958 0 90) (size 0.39878 0.59944) (layers F.Cu F.Paste F.Mask)
      (net 120 N-00000147))
    (model smd/capacitors/C0402.wrl
      (at (xyz 0 0 0))
      (scale (xyz 0.27 0.27 0.27))
      (rotate (xyz 0 0 0))
    )
  )

  (module SM0402_r (layer F.Cu) (tedit 5141C458) (tstamp 52EEA3F2)
    (at 176.4919 83.6549 90)
    (path /52F5CD73)
    (attr smd)
    (fp_text reference R4 (at 0 0 90) (layer F.SilkS)
      (effects (font (size 0.35052 0.3048) (thickness 0.07112)))
    )
    (fp_text value 1 (at 0.09906 0 90) (layer F.SilkS) hide
      (effects (font (size 0.35052 0.3048) (thickness 0.07112)))
    )
    (fp_line (start -0.254 -0.381) (end -0.762 -0.381) (layer F.SilkS) (width 0.07112))
    (fp_line (start -0.762 -0.381) (end -0.762 0.381) (layer F.SilkS) (width 0.07112))
    (fp_line (start -0.762 0.381) (end -0.254 0.381) (layer F.SilkS) (width 0.07112))
    (fp_line (start 0.254 -0.381) (end 0.762 -0.381) (layer F.SilkS) (width 0.07112))
    (fp_line (start 0.762 -0.381) (end 0.762 0.381) (layer F.SilkS) (width 0.07112))
    (fp_line (start 0.762 0.381) (end 0.254 0.381) (layer F.SilkS) (width 0.07112))
    (pad 1 smd rect (at -0.44958 0 90) (size 0.39878 0.59944) (layers F.Cu F.Paste F.Mask)
      (net 123 N-00000158))
    (pad 2 smd rect (at 0.44958 0 90) (size 0.39878 0.59944) (layers F.Cu F.Paste F.Mask)
      (net 134 N-0000028))
    (model smd/resistors/R0402.wrl
      (at (xyz 0 0 0))
      (scale (xyz 0.27 0.27 0.27))
      (rotate (xyz 0 0 0))
    )
  )

  (module SM0402_r (layer F.Cu) (tedit 5141C458) (tstamp 52EEA3FE)
    (at 176.4538 85.5091 270)
    (path /52F107A7)
    (attr smd)
    (fp_text reference R5 (at 0 0 270) (layer F.SilkS)
      (effects (font (size 0.35052 0.3048) (thickness 0.07112)))
    )
    (fp_text value 1.5k (at 0.09906 0 270) (layer F.SilkS) hide
      (effects (font (size 0.35052 0.3048) (thickness 0.07112)))
    )
    (fp_line (start -0.254 -0.381) (end -0.762 -0.381) (layer F.SilkS) (width 0.07112))
    (fp_line (start -0.762 -0.381) (end -0.762 0.381) (layer F.SilkS) (width 0.07112))
    (fp_line (start -0.762 0.381) (end -0.254 0.381) (layer F.SilkS) (width 0.07112))
    (fp_line (start 0.254 -0.381) (end 0.762 -0.381) (layer F.SilkS) (width 0.07112))
    (fp_line (start 0.762 -0.381) (end 0.762 0.381) (layer F.SilkS) (width 0.07112))
    (fp_line (start 0.762 0.381) (end 0.254 0.381) (layer F.SilkS) (width 0.07112))
    (pad 1 smd rect (at -0.44958 0 270) (size 0.39878 0.59944) (layers F.Cu F.Paste F.Mask)
      (net 123 N-00000158))
    (pad 2 smd rect (at 0.44958 0 270) (size 0.39878 0.59944) (layers F.Cu F.Paste F.Mask)
      (net 80 N-000001))
    (model smd/resistors/R0402.wrl
      (at (xyz 0 0 0))
      (scale (xyz 0.27 0.27 0.27))
      (rotate (xyz 0 0 0))
    )
  )

  (module SM0402_r (layer F.Cu) (tedit 5141C458) (tstamp 52EEA40A)
    (at 141.3383 94.5515)
    (path /52F7F507)
    (attr smd)
    (fp_text reference R6 (at 0 0) (layer F.SilkS)
      (effects (font (size 0.35052 0.3048) (thickness 0.07112)))
    )
    (fp_text value 450k (at 0.09906 0) (layer F.SilkS) hide
      (effects (font (size 0.35052 0.3048) (thickness 0.07112)))
    )
    (fp_line (start -0.254 -0.381) (end -0.762 -0.381) (layer F.SilkS) (width 0.07112))
    (fp_line (start -0.762 -0.381) (end -0.762 0.381) (layer F.SilkS) (width 0.07112))
    (fp_line (start -0.762 0.381) (end -0.254 0.381) (layer F.SilkS) (width 0.07112))
